asd is a multi-threaded program to quickly compute pairwise allele sharing distances between diploid individuals with an arbitrary number of alleles per locus.  asd reads TPED/TFAM and STRU formatted files and will load gzipped files without first requiring decompression. If your data are strictly biallelic, you may use the --biallelic feature for better efficiency.

usage

./asd --stru <filename> --id-col <column where individual names are>

or

./asd --tped <filename>.tped --tfam <filename>.tfam

optional flags --partial, --log, --ibs-all, --out, --missing-stru, --missing-tped

asd v1.0.0
----------Command Line Arguments----------

--biallelic <bool>: Set for more efficient computations when all loci are biallelic.
	Default: false

--help <bool>: Prints this help dialog.
	Default: false

--ibs-all <bool>: Set to output all IBS sharing matrices.
	Default: false

--id-col <int>: Column where individual IDs are. (stru files only)
	Default: 1

--log <bool>: Transforms allele sharing distance by -ln(ps) instead of 1-(ps).
	Default: false

--missing-stru <string>: For stru files, set the missing data value.
	Default: -9

--missing-tped <string>: For stru files, set the missing data value.
	Default: 0

--out <string>: Basename for output files.
	Default: outfile

--partial <bool>: If set, outputs two r/2 x r/2 matrices. The first is the number of loci used for each pairwise comparison, and the second is the untransformed IBS matrix. In order to recover the allele sharing distance matrix divide the untransformed IBS counts by the number of loci in the appropriate cell, and then transform by 1-(ps).
	Default: false

--stru <string>: The input data filename (stru format), data must be biallelic and coded 0/1 (-9 for missing data or change with --stru-mis).
	Default: __none

--tfam <string>: The input data filename (tfam format), also requires a .tped file (--tped).
	Default: __none

--threads <int>: Number of threads to spawn for faster calculation.
	Default: 1

--tped <string>: The input data filename (tped format), also requires a .tfam file (--tfam).  Data must be biallelic, but alleles can be arbitrarily coded.  Missing data is coded 0 (or change with --tped-mis).
	Default: __none


NOTE: Multi-dimensional scaling plots can be created easily in R with the following commands (assuming --partial was not used):

      data<-read.table("<outfile>.asd.dist",header=TRUE)
      data.mds<-cmdscale(data)
      plot(data.mds)

A toy example with no missing data:

./asd --stru test_data_1.stru --id-col 1

output:

ind0 ind1 ind2 ind3 ind4 ind5 
ind0 0 0.5 0.3 0.2 0.3 0.5 
ind1 0.5 0 0.2 0.3 0.4 0.8 
ind2 0.3 0.2 0 0.1 0.2 0.6 
ind3 0.2 0.3 0.1 0 0.3 0.5 
ind4 0.3 0.4 0.2 0.3 0 0.6 
ind5 0.5 0.8 0.6 0.5 0.6 0 


./asd --stru test_data_1.stru --id-col 1 --partial

output:

6
5 5 5 5 5 5 
5 5 5 5 5 5 
5 5 5 5 5 5 
5 5 5 5 5 5 
5 5 5 5 5 5 
5 5 5 5 5 5 

ind0 ind1 ind2 ind3 ind4 ind5 
ind0 5 2.5 3.5 4 3.5 2.5 
ind1 2.5 5 4 3.5 3 1 
ind2 3.5 4 5 4.5 4 2 
ind3 4 3.5 4.5 5 3.5 2.5 
ind4 3.5 3 4 3.5 5 2 
ind5 2.5 1 2 2.5 2 5 


A toy example with missing data:

./asd --stru test_data_2.stru --id-col 1

output:

ind0 ind1 ind2 ind3 ind4 ind5 
ind0 0 0.5 0.25 0.125 0.333333 0.166667 
ind1 0.5 0 0.125 0.25 0.333333 0.666667 
ind2 0.25 0.125 0 0.1 0.125 0.5 
ind3 0.125 0.25 0.1 0 0.25 0.375 
ind4 0.333333 0.333333 0.125 0.25 0 0.625 
ind5 0.166667 0.666667 0.5 0.375 0.625 0 


./asd --stru test_data_2.stru --id-col 1 --partial

output:

6
4 3 4 4 3 3 
3 4 4 4 3 3 
4 4 5 5 4 4 
4 4 5 5 4 4 
3 3 4 4 4 4 
3 3 4 4 4 4 

ind0 ind1 ind2 ind3 ind4 ind5 
ind0 4 1.5 3 3.5 2 2.5 
ind1 1.5 4 3.5 3 2 1 
ind2 3 3.5 5 4.5 3.5 2 
ind3 3.5 3 4.5 5 3 2.5 
ind4 2 2 3.5 3 4 1.5 
ind5 2.5 1 2 2.5 1.5 4 
